Generated by GetData Graph Digitizer 2.26.0.20 on June 13 2021, 17:07
from file 'C:\Users\Wei\Documents\work\restricted_boltzmann_machine\deep_belief_nets\DBN_MNIST_training_memristor\00_non_linear_model_plot\data_from_literatures\jang_edl_2015\synaptic_weight_updates.jpg'

Line #1
 0.00000000000000e+000    2.90076335877863e-008
 7.04225352112676e-001    5.80152671755725e-008
 1.40845070422535e+000    7.02290076335878e-008
 2.81690140845070e+000    7.78625954198473e-008
 3.52112676056338e+000    8.39694656488550e-008
 4.22535211267606e+000    8.85496183206107e-008
 5.63380281690141e+000    9.38931297709924e-008
 7.04225352112676e+000    9.69465648854962e-008
 7.74647887323944e+000    1.01526717557252e-007
 9.15492957746479e+000    1.06870229007634e-007
 1.12676056338028e+001    1.12977099236641e-007
 1.47887323943662e+001    1.17557251908397e-007
 1.69014084507042e+001    1.19847328244275e-007
 1.90140845070423e+001    1.24427480916031e-007
 2.32394366197183e+001    1.28244274809160e-007
 2.74647887323944e+001    1.31297709923664e-007
 3.09859154929577e+001    1.36641221374046e-007
 3.52112676056338e+001    1.38931297709924e-007
 4.01408450704225e+001    1.41221374045802e-007
 4.29577464788732e+001    1.43511450381679e-007
 4.64788732394366e+001    1.46564885496183e-007
 4.92957746478873e+001    1.48091603053435e-007
 5.28169014084507e+001    1.48854961832061e-007
 5.63380281690141e+001    1.50381679389313e-007
 5.98591549295775e+001    1.51908396946565e-007
 6.33802816901408e+001    1.52671755725191e-007
 6.90140845070423e+001    1.55725190839695e-007
 7.39436619718310e+001    1.57251908396947e-007
 7.74647887323944e+001    1.58015267175573e-007
 8.09859154929577e+001    1.58778625954198e-007
 8.66197183098592e+001    1.58778625954198e-007
 9.08450704225352e+001    1.59541984732824e-007
 9.36619718309859e+001    1.61068702290076e-007
 9.78873239436620e+001    1.61832061068702e-007
 1.00704225352113e+002    1.64122137404580e-007
 1.00704225352113e+002    9.69465648854962e-008
 1.01408450704225e+002    8.09160305343511e-008
 1.02816901408451e+002    7.32824427480916e-008
 1.03521126760563e+002    6.79389312977099e-008
 1.04929577464789e+002    6.33587786259542e-008
 1.06338028169014e+002    5.95419847328244e-008
 1.09859154929577e+002    5.49618320610687e-008
 1.12676056338028e+002    5.19083969465649e-008
 1.15492957746479e+002    4.96183206106870e-008
 1.19014084507042e+002    4.73282442748092e-008
 1.21830985915493e+002    4.58015267175572e-008
 1.25352112676056e+002    4.50381679389313e-008
 1.27464788732394e+002    4.35114503816794e-008
 1.31690140845070e+002    4.19847328244275e-008
 1.35211267605634e+002    4.04580152671756e-008
 1.39436619718310e+002    3.96946564885496e-008
 1.44366197183099e+002    3.81679389312977e-008
 1.49295774647887e+002    3.74045801526718e-008
 1.52816901408451e+002    3.66412213740458e-008
 1.57042253521127e+002    3.58778625954198e-008
 1.60563380281690e+002    3.51145038167939e-008
 1.63380281690141e+002    3.51145038167939e-008
 1.66901408450704e+002    3.51145038167939e-008
 1.71126760563380e+002    3.51145038167939e-008
 1.75352112676056e+002    3.43511450381679e-008
 1.79577464788732e+002    3.43511450381679e-008
 1.83802816901408e+002    3.35877862595420e-008
 1.87323943661972e+002    3.35877862595420e-008
 1.91549295774648e+002    3.28244274809160e-008
 1.94366197183099e+002    3.28244274809160e-008
 1.97887323943662e+002    3.20610687022901e-008
 2.00000000000000e+002    3.20610687022901e-008
