
Line #2
 1.83703491083922e+000    7.99875617427912e-001
 1.56435004126153e+000    1.25525934962267e+001
 5.26233958834153e+000    1.31692440170787e+001
 8.77375527728942e+000    2.18272278234246e+001
 1.24286893186466e+001    2.42995706409290e+001
 1.60836233600038e+001    2.67719134584335e+001
 1.60309999641204e+001    2.90399818210087e+001
 2.34891703443244e+001    2.75928384342148e+001
 2.53262052551637e+001    2.84166337770442e+001
 2.52783658043606e+001    3.04785141066581e+001
 3.07942544819586e+001    3.27437121021851e+001
 2.89045961752359e+001    3.41879851219308e+001
 3.26073696673962e+001    3.45984476098214e+001
 3.63053592144762e+001    3.52150981306735e+001
 3.81376101802351e+001    3.62450815064643e+001
 4.55335892743951e+001    3.74783825481683e+001
 4.36008754619497e+001    4.07783478645665e+001
 5.84454570461531e+001    4.09768815853994e+001
 5.83976175953500e+001    4.30387619150132e+001
 4.53852869769055e+001    4.38702115699712e+001
 4.72318897779054e+001    4.42816308468779e+001
 4.71792663820219e+001    4.65496992094531e+001
 5.46039491466638e+001    4.65458720533888e+001
 6.38848026024661e+001    4.65410881083085e+001
 5.45704615311016e+001    4.79891882841185e+001
 5.63835767165393e+001    4.98439237917549e+001
 6.56835659526629e+001    4.90143877148290e+001
 6.37986915910205e+001    5.02524727016134e+001
 6.37652039754584e+001    5.16957889323431e+001
 6.55878870510567e+001    5.31381483740567e+001
 7.49213639027424e+001    5.08652960664012e+001
 7.11946706851805e+001    5.14857737433174e+001
 7.67488309234210e+001    5.21014674751534e+001
 7.67249111980195e+001    5.31324076399603e+001
 7.29742982550560e+001    5.47838254816835e+001
 8.22503677657781e+001    5.49852295695645e+001
 8.96846184205805e+001    5.45690263475775e+001
 9.34447992537046e+001    5.25052324399316e+001
 9.53535933407484e+001    5.02362072883403e+001
 1.04533983949864e+002    5.45613720354490e+001
 1.10073792352864e+002    5.57956298661691e+001
 1.13805269515506e+002    5.49689641562915e+001
 1.13829189240908e+002    5.39380239914846e+001
 1.13853108966309e+002    5.29070838266777e+001
 1.17589370074032e+002    5.18742300838386e+001
 1.19340293973425e+002    5.64094100199730e+001
 1.21148625213783e+002    5.84703335605707e+001
 1.21134273378542e+002    5.90888976594549e+001
 1.30467750230227e+002    5.68160453517994e+001
 1.35988422852906e+002    5.88750553143650e+001
 1.37906784830110e+002    5.61936540968510e+001
 1.47173286450672e+002    5.68074342506548e+001
 1.50823436546948e+002    5.94859651011206e+001
 1.58305526652554e+002    5.70078815495198e+001
 1.71332209106239e+002    5.55578677956777e+001
 1.71284369655436e+002    5.76197481252915e+001
 1.65691937856553e+002    5.86535586571466e+001
 1.65672802076232e+002    5.94783107889921e+001
 1.73087916950713e+002    5.98868596988507e+001
 1.82359202516355e+002    6.02944518196931e+001
 1.84272780548479e+002    5.78192386351405e+001
 1.89750397665435e+002    6.17339408943585e+001
 1.99064738736799e+002    6.02858407185485e+001
 1.93534498223960e+002    5.86392068219057e+001
 2.02853623240405e+002    5.69849186131343e+001
 1.99203473144128e+002    5.43063877626685e+001
 2.04805472833172e+002    5.28602011648906e+001
 2.08632628897420e+002    4.79097747957853e+001
 2.10661021611472e+002    4.04860488201595e+001
 2.07001303625034e+002    3.82198940356165e+001
 2.14435554279837e+002    3.78036908136295e+001
 2.10747132622918e+002    3.67746642268547e+001
 2.08919665602239e+002    3.55384928181024e+001
 2.14540801071604e+002    3.32675540884791e+001
 2.14569504742086e+002    3.20304258907108e+001
 2.22185545309940e+002    2.37790774161913e+001
 2.22242952650904e+002    2.13048210206547e+001
 2.20410701685145e+002    2.02748376448638e+001
 2.24209154078911e+002    1.65615394735268e+001
 2.26122732111035e+002    1.40863262889742e+001
 2.20573355817875e+002    1.32644445241769e+001
 2.26184923397079e+002    1.14058818604762e+001
 2.28069797758722e+002    1.01677968736919e+001
 2.29969023955605e+002    8.31114778802339e+000
 2.35594943370050e+002    5.83402102543863e+000
 2.39316852642532e+002    5.41973138148374e+000
 2.41192159114013e+002    4.59402246062215e+000
 2.41268702235298e+002    1.29501393324005e+000
 2.52400942437181e+002    1.49546123210506e+000
 2.65375001494983e+002    2.31351584083815e+000
 2.69106478657625e+002    1.48685013096050e+000
 2.82099673495748e+002    1.48015260784806e+000
 2.89533924150551e+002    1.06394938586105e+000
 3.00651812517192e+002    1.88296078361020e+000
 3.09951801753316e+002    1.05342470668437e+000
 3.21088825900279e+002    1.04768397258799e+000
 3.34086804683482e+002    8.34798416514178e-001
 3.45223828830445e+002    8.29057682417806e-001
 3.58221807613649e+002    6.16172126343990e-001
 3.71215002451772e+002    6.09474603231555e-001
 3.82347242653654e+002    8.09921902096564e-001
 4.00913733510339e+002    5.94165978974561e-001
