Generated by GetData Graph Digitizer 2.26.0.20 on June 13 2021, 13:37
from file 'C:\Users\Wei\Documents\work\restricted_boltzmann_machine\deep_belief_nets\DBN_MNIST_training_memristor\00_non_linear_model_plot\data_from_literatures\Choi_NM_2018\synaptic_weight_update.jpg'

Line #1
-1.38734407329004e-001    5.95553323047851e+000
 3.54011935942975e+000    7.39693588317606e+000
 5.33888270962649e+000    9.87023548969658e+000
 7.15199789506416e+000    1.17249709973330e+001
 7.07067082869889e+000    1.52301675576764e+001
 6.83147357468336e+000    2.55395692057455e+001
 1.23760659227632e+001    2.65676390035042e+001
 8.62066903471948e+000    2.84252448781888e+001
 1.22564672957554e+001    3.17223398275388e+001
 1.59401050075945e+001    3.29575544472749e+001
 2.14703455204334e+001    3.46041883439178e+001
 1.77197325774700e+001    3.62556061856410e+001
 1.95615514333895e+001    3.68732134955091e+001
 2.32356212550680e+001    3.85208041811680e+001
 2.13603147835863e+001    3.93465131020296e+001
 2.13411790032650e+001    4.01712652338751e+001
 2.13172592778635e+001    4.12022053986820e+001
 2.49913290995419e+001    4.28497960843410e+001
 2.68187961202205e+001    4.40859674930932e+001
 3.60661619604607e+001    4.55244997787425e+001
 3.23442526879791e+001    4.59387894226974e+001
 2.86127755253370e+001    4.67654551325751e+001
 3.60183225096576e+001    4.75863801083564e+001
 3.41286642029349e+001    4.90306531281021e+001
 3.96254171002117e+001    5.21206032554746e+001
 4.51700094482915e+001    5.31486730532334e+001
 4.69879085788095e+001    5.47972205279083e+001
 4.51030342171672e+001    5.60353055146927e+001
 5.43743197828089e+001    5.64428976355351e+001
 5.80579574946480e+001    5.76781122552713e+001
 7.47730616052528e+001    5.72571250882040e+001
 5.61635152428450e+001    5.93285733079784e+001
 6.17224594261658e+001    5.97380790068530e+001
 6.91471421908077e+001    5.97342518507888e+001
 6.91375743006470e+001    6.01466279167115e+001
 6.53965292478442e+001    6.13856696925119e+001
 6.90801669596833e+001    6.26208843122481e+001
 6.53534737421214e+001    6.32413619891644e+001
 6.53056342913183e+001    6.53032423187782e+001
 7.83801561958069e+001    6.17913482353223e+001
 8.01884874361642e+001    6.38522717759200e+001
 7.82844772942007e+001    6.59151088945499e+001
 9.13637831437695e+001    6.21970267781326e+001
 9.31864662193678e+001    6.36393862198462e+001
 8.75701146950833e+001    6.57041369165082e+001
 9.49708777343236e+001    6.67312499252509e+001
 1.06146173441929e+002    6.50760049274634e+001
 1.09820243263607e+002    6.67235956131224e+001
 1.09762835922644e+002    6.91978520086589e+001
 1.11561599272840e+002    7.16711516151795e+001
 1.20923779795008e+002    6.81611711097557e+001
 1.20990755026132e+002    6.52745386482963e+001
 1.20962051355650e+002    6.65116668460646e+001
 1.32041668161650e+002    6.89801825075048e+001
 1.28276703383445e+002    7.12501644481121e+001
 1.35653546697284e+002    7.33082176216617e+001
 1.39404159640247e+002    7.16567997799385e+001
 1.46867113965532e+002    7.00034683601832e+001
 1.48751988327174e+002    6.87653833733989e+001
 1.46934089196656e+002    6.71168358987239e+001
 1.54425747192422e+002    6.42263762812003e+001
 1.59941635870020e+002    6.64915742767273e+001
 1.67390238360064e+002    6.54568069558562e+001
 1.76704579431428e+002    6.40087067800462e+001
 1.76666307870786e+002    6.56582110437372e+001
 1.67347182854341e+002    6.73124992525086e+001
 1.61754751055458e+002    6.83463097843637e+001
 1.69136378314377e+002    7.01981749249519e+001
 1.74690538552617e+002    7.08138686567878e+001
 1.84028799349383e+002    6.83348283161709e+001
 1.82220468109026e+002    6.62739047755732e+001
 1.95194527166828e+002    6.70919593843063e+001
 1.91439130278784e+002    6.89495652589908e+001
 1.95113200100463e+002    7.05971559446498e+001
 1.91338667432098e+002    7.32795139511798e+001
 1.95117984045543e+002    7.03909679116884e+001
 2.00734335569828e+002    6.83262172150264e+001
 2.04417973281667e+002    6.95614318347625e+001
 2.08101610993506e+002    7.07966464544987e+001
 2.06183249016301e+002    7.34780476720127e+001
 2.19171659909344e+002    7.36775381818617e+001
 2.24835850884432e+002    6.95509071555858e+001
 2.26653750014950e+002    7.11994546302608e+001
 2.32164854747468e+002    7.36708406587492e+001
 2.35992010811716e+002    6.87204142896440e+001
 2.43383205960796e+002    7.01599033643094e+001
 2.52573164460072e+002    7.40726920454953e+001
 2.58093837082750e+002    7.61317020080609e+001
 2.60036118785356e+002    7.24193606257400e+001
 2.73053233348881e+002    7.13817229378207e+001
 2.76808630236925e+002    6.95241170631361e+001
 2.80487484003684e+002    7.09655197158337e+001
 2.73034097568560e+002    7.22064750696662e+001
 2.76703383445158e+002    7.40602537882865e+001
 2.69264348845275e+002    7.46826450432349e+001
 2.95279442192004e+002    7.34321217992417e+001
 2.91495341633478e+002    7.65268558716946e+001
 2.95308145862486e+002    7.21949936014735e+001
 3.13865068829010e+002    7.23916137442742e+001
 3.15687751904608e+002    7.38339731859878e+001
 3.10095320105725e+002    7.48677837178429e+001
 3.24925549854688e+002    7.56848815375599e+001
 3.24877710403885e+002    7.77467618671738e+001
 3.32359800509490e+002    7.52686783155729e+001
 3.47190030258453e+002    7.60857761352900e+001
 3.37861337351847e+002    7.81524404099841e+001
 3.30513197708490e+002    7.48572590386662e+001
 3.50892803750613e+002    7.64962386231806e+001
 3.56451747933934e+002    7.69057443220552e+001
 3.65694329829094e+002    7.85504646406659e+001
 3.65742169279897e+002    7.64885843110521e+001
 3.73157284154378e+002    7.68971332209106e+001
 3.78687524667217e+002    7.85437671175535e+001
 3.82385514214297e+002    7.91604176384055e+001
 3.95421764558143e+002    7.72980278186406e+001
 3.99067130709339e+002    8.01827467020679e+001
 4.06554004760025e+002    7.74984751175056e+001
 4.12165572339230e+002    7.56399124538050e+001
 4.17700596797149e+002    7.70803583174865e+001
 4.19528063817827e+002    7.83165297262387e+001
 4.12050757657302e+002    8.05884252448782e+001
 4.32506906820710e+002    7.89283963020105e+001
 4.26971882362790e+002    7.74879504383290e+001
 4.28851972779352e+002    7.64560534845060e+001
 4.43696554363556e+002    7.66545872053389e+001
 4.45509669548994e+002    7.85093227129752e+001
 4.41787760276512e+002    7.89236123569302e+001
 4.52986975709519e+002    7.62374271943358e+001
 4.51164292633921e+002    7.47950677526222e+001
 4.54857498235920e+002    7.56179063064356e+001
 4.65965818712401e+002    7.68492937701075e+001
 4.71505627115401e+002    7.80835516008276e+001
 4.65874923755875e+002    8.07668663963738e+001
 4.80748209010561e+002    7.97282719194384e+001
 4.73366581751641e+002    7.78764067788502e+001
 4.77121978639685e+002    7.60188009041656e+001
 4.88235083061246e+002    7.70440003348762e+001
 4.88215947280925e+002    7.78687524667217e+001
 4.90043414301604e+002    7.91049238754739e+001
 4.99333835647567e+002    7.86877638644708e+001
 4.93794027244567e+002    7.74535060337507e+001
 5.04969322952172e+002    7.57982610359633e+001
 5.06863765203975e+002    7.41477999832562e+001
 5.03199263272458e+002    7.20878332316745e+001
 5.01376580196859e+002    7.06454737899609e+001
 5.07002499611304e+002    6.81683470273761e+001
 5.07050339062108e+002    6.61064666977623e+001
 5.07107746403071e+002    6.36322103022257e+001
 5.12800641048641e+002    5.82684510781816e+001
 5.10977957973043e+002    5.68260916364680e+001
 5.12872400224845e+002    5.51756305837609e+001
 5.12896319950247e+002    5.41446904189540e+001
 5.12920239675649e+002    5.31137502541471e+001
 5.12944159401050e+002    5.20828100893402e+001
 5.14881657158576e+002    4.85766567399806e+001
 5.16776099410379e+002    4.69261956872735e+001
 5.26042601030940e+002    4.75399758410774e+001
 5.26076088646502e+002    4.60966596103477e+001
 5.14972552115102e+002    4.46590841137144e+001
 5.37246600409027e+002    4.46476026455216e+001
 5.20569767859065e+002    4.34190855488979e+001
 5.29869757095189e+002    4.25895494719721e+001
 5.39169746331312e+002    4.17600133950462e+001
 5.37734562807219e+002    2.36164232834607e+001
 5.41609558322270e+002    1.66041165847416e+001
 5.43518352409314e+002    1.43350914331503e+001
 5.45408010716037e+002    1.28908184134046e+001
 5.47302452967840e+002    1.12403573606975e+001
 5.56592874313803e+002    1.08231973496944e+001
 5.62142250606963e+002    1.16450791144918e+001
 5.69614772822408e+002    9.57937162881370e+000
 5.69633908602729e+002    8.75461949696818e+000
 5.80785284584933e+002    8.13031466398766e+000
 5.88181263679093e+002    9.36361570569170e+000
 5.90080489875976e+002    7.50696662002320e+000
 5.90099625656297e+002    6.68221448817768e+000
 5.90214440338225e+002    1.73370169710452e+000
 6.06924760503749e+002    1.51890256299858e+000
 6.29208376687836e+002    1.09504502888307e+000
 6.45909128963199e+002    1.29262196069989e+000
 6.66336574456125e+002    8.69721215600445e-001
 6.81176372095248e+002    1.27444296939471e+000
 6.90457225551051e+002    1.26965902431440e+000
 7.09018932462655e+002    1.26009113415378e+000
 7.25719684738019e+002    1.45766806597060e+000
 7.38717663521223e+002    1.24478250989679e+000
 7.53567029050506e+002    1.23712819776829e+000
 7.68416394579790e+002    1.22947388563979e+000
 7.73956202982790e+002    2.46373171635990e+000
 7.81371317857271e+002    2.87228062621841e+000
 7.98081638022795e+002    2.65748149211247e+000
 8.18499515625561e+002    2.64695681293579e+000
 8.37066006482246e+002    2.43120088981378e+000
 8.55632497338931e+002    2.21544496669178e+000
 8.68620908231974e+002    2.41493547654073e+000
 8.81618887015177e+002    2.20204992046691e+000
 8.87182615143578e+002    2.40536758638011e+000
 8.92751127217060e+002    2.40249721933192e+000
