Generated by GetData Graph Digitizer 2.26.0.20 on June 14 2021, 12:29
from file 'C:\Users\Wei\Documents\work\restricted_boltzmann_machine\deep_belief_nets\DBN_MNIST_training_memristor\00_non_linear_model_plot\data_from_literatures\Choi_NM_2018\synaptic_weights_update2.jpg'

Line #1
 4.90196078431373e-001    3.37078651685393e-007
 1.47058823529412e+000    8.42696629213483e-007
 2.94117647058824e+000    1.26404494382022e-006
 5.88235294117647e+000    4.21348314606742e-007
 5.39215686274510e+000    1.17977528089888e-006
 6.86274509803922e+000    1.85393258426966e-006
 8.33333333333333e+000    1.43258426966292e-006
 1.17647058823529e+001    2.35955056179775e-006
 9.31372549019608e+000    3.20224719101124e-006
 1.07843137254902e+001    3.53932584269663e-006
 1.32352941176471e+001    3.79213483146067e-006
 1.56862745098039e+001    4.12921348314607e-006
 1.42156862745098e+001    4.55056179775281e-006
 1.51960784313725e+001    4.80337078651685e-006
 1.91176470588235e+001    4.55056179775281e-006
 1.86274509803922e+001    5.14044943820225e-006
 2.00980392156863e+001    5.89887640449438e-006
 2.00980392156863e+001    6.32022471910112e-006
 2.20588235294118e+001    6.74157303370787e-006
 2.30392156862745e+001    6.57303370786517e-006
 2.50000000000000e+001    7.07865168539326e-006
 2.64705882352941e+001    6.65730337078652e-006
 2.84313725490196e+001    6.48876404494382e-006
 2.99019607843137e+001    7.58426966292135e-006
 3.18627450980392e+001    7.92134831460674e-006
 3.28431372549020e+001    8.59550561797753e-006
 3.43137254901961e+001    1.29775280898876e-005
 3.48039215686275e+001    1.07865168539326e-005
 3.62745098039216e+001    1.21348314606742e-005
 3.67647058823529e+001    1.13764044943820e-005
 3.77450980392157e+001    1.08707865168539e-005
 3.97058823529412e+001    1.39887640449438e-005
 4.11764705882353e+001    1.13764044943820e-005
 4.01960784313725e+001    1.47471910112360e-005
 4.16666666666667e+001    1.69382022471910e-005
 4.31372549019608e+001    1.63483146067416e-005
 4.41176470588235e+001    1.67696629213483e-005
 4.46078431372549e+001    1.66011235955056e-005
 4.65686274509804e+001    1.78651685393258e-005
 4.70588235294118e+001    1.69382022471910e-005
 4.85294117647059e+001    1.62640449438202e-005
 4.90196078431373e+001    1.71910112359551e-005
 5.09803921568627e+001    1.69382022471910e-005
 5.19607843137255e+001    1.82022471910112e-005
 5.34313725490196e+001    1.59269662921348e-005
 5.49019607843137e+001    1.85393258426966e-005
 5.53921568627451e+001    1.68539325842697e-005
 5.68627450980392e+001    1.71910112359551e-005
 5.68627450980392e+001    1.86235955056180e-005
 5.78431372549020e+001    1.78651685393258e-005
 5.98039215686275e+001    1.86235955056180e-005
 6.02941176470588e+001    1.92977528089888e-005
 6.22549019607843e+001    1.95505617977528e-005
 6.27450980392157e+001    2.04775280898876e-005
 6.42156862745098e+001    2.02247191011236e-005
 6.47058823529412e+001    2.08988764044944e-005
 6.56862745098039e+001    2.14044943820225e-005
 6.66666666666667e+001    2.19101123595506e-005
 6.86274509803922e+001    2.22471910112360e-005
 6.91176470588235e+001    2.19101123595506e-005
 6.96078431372549e+001    2.14887640449438e-005
 7.05882352941177e+001    2.14044943820225e-005
 7.25490196078431e+001    1.98876404494382e-005
 7.30392156862745e+001    2.21629213483146e-005
 7.40196078431373e+001    2.13202247191011e-005
 7.50000000000000e+001    2.22471910112360e-005
 7.59803921568627e+001    2.20786516853933e-005
 7.64705882352941e+001    2.15730337078652e-005
 7.74509803921569e+001    2.12359550561798e-005
 7.94117647058823e+001    2.10674157303371e-005
 7.94117647058823e+001    2.30056179775281e-005
 8.13725490196078e+001    2.32584269662921e-005
 8.23529411764706e+001    2.45224719101124e-005
 8.38235294117647e+001    2.52808988764045e-005
 8.38235294117647e+001    2.10674157303371e-005
 8.52941176470588e+001    2.46910112359551e-005
 8.62745098039216e+001    2.21629213483146e-005
 8.72549019607843e+001    2.36797752808989e-005
 8.82352941176471e+001    2.19101123595506e-005
 8.87254901960784e+001    2.21629213483146e-005
 8.97058823529412e+001    2.33426966292135e-005
 9.21568627450980e+001    2.29213483146067e-005
 9.26470588235294e+001    2.46910112359551e-005
 9.36274509803922e+001    2.38483146067416e-005
 9.50980392156863e+001    2.35112359550562e-005
 9.55882352941177e+001    2.45224719101124e-005
 9.80392156862745e+001    2.50280898876405e-005
 9.90196078431373e+001    2.40168539325843e-005
 1.00000000000000e+002    2.44382022471910e-005
 1.02450980392157e+002    2.49438202247191e-005
 1.02941176470588e+002    2.42696629213483e-005
 1.01470588235294e+002    2.25842696629213e-005
 1.03921568627451e+002    2.08988764044944e-005
 1.04901960784314e+002    2.03089887640449e-005
 1.06372549019608e+002    1.83707865168539e-005
 1.06862745098039e+002    1.72752808988764e-005
 1.07843137254902e+002    1.71067415730337e-005
 1.09803921568627e+002    1.72752808988764e-005
 1.10784313725490e+002    1.68539325842697e-005
 1.14705882352941e+002    1.76123595505618e-005
 1.09313725490196e+002    1.60112359550562e-005
 1.14215686274510e+002    1.58426966292135e-005
 1.15196078431373e+002    1.66011235955056e-005
 1.17156862745098e+002    1.61797752808989e-005
 1.19607843137255e+002    1.72752808988764e-005
 1.21568627450980e+002    1.67696629213483e-005
 1.23529411764706e+002    1.59269662921348e-005
 1.21078431372549e+002    1.55898876404494e-005
 1.20588235294118e+002    1.49157303370787e-005
 1.25490196078431e+002    1.48314606741573e-005
 1.27450980392157e+002    1.50000000000000e-005
 1.26470588235294e+002    1.41573033707865e-005
 1.24019607843137e+002    1.28089887640449e-005
 1.25000000000000e+002    1.27247191011236e-005
 1.28431372549020e+002    8.08988764044944e-006
 1.29901960784314e+002    8.76404494382022e-006
 1.31372549019608e+002    8.25842696629214e-006
 1.33333333333333e+002    7.75280898876405e-006
 1.34313725490196e+002    1.01123595505618e-005
 1.35784313725490e+002    8.51123595505618e-006
 1.36764705882353e+002    6.57303370786517e-006
 1.37745098039216e+002    7.41573033707865e-006
 1.40196078431373e+002    7.92134831460674e-006
 1.42156862745098e+002    6.48876404494382e-006
 1.42647058823529e+002    6.06741573033708e-006
 1.43627450980392e+002    4.38202247191011e-006
 1.45098039215686e+002    4.80337078651685e-006
 1.46568627450980e+002    3.37078651685393e-006
 1.48529411764706e+002    3.03370786516854e-006
 1.46078431372549e+002    2.27528089887640e-006
 1.48529411764706e+002    2.10674157303371e-006
 1.50000000000000e+002    1.60112359550562e-006
 1.50980392156863e+002    2.19101123595506e-006
 1.53431372549020e+002    2.10674157303371e-006
 1.52941176470588e+002    1.60112359550562e-006
 1.53921568627451e+002    1.43258426966292e-006
 1.55392156862745e+002    9.26966292134831e-007
 1.56372549019608e+002    1.43258426966292e-006
 1.57843137254902e+002    1.34831460674157e-006
 1.59313725490196e+002    1.85393258426966e-006
 1.60294117647059e+002    2.27528089887640e-006
 1.61274509803922e+002    2.19101123595506e-006
 1.62745098039216e+002    1.93820224719101e-006
 1.63235294117647e+002    1.43258426966292e-006
 1.64705882352941e+002    1.09550561797753e-006
 1.66666666666667e+002    8.42696629213483e-007
 1.67647058823529e+002    1.68539325842697e-006
 1.68137254901961e+002    1.43258426966292e-006
 1.69607843137255e+002    1.17977528089888e-006
 1.70588235294118e+002    1.76966292134831e-006
 1.72058823529412e+002    1.09550561797753e-006
 1.74019607843137e+002    2.10674157303371e-006
 1.74019607843137e+002    6.74157303370787e-007
 1.75980392156863e+002    1.68539325842697e-006
 1.77450980392157e+002    1.34831460674157e-006
 1.78431372549020e+002    2.52808988764045e-006
 1.79901960784314e+002    2.02247191011236e-006
 1.80882352941176e+002    1.60112359550562e-006
 1.82352941176471e+002    2.94943820224719e-006
 1.82352941176471e+002    1.76966292134831e-006
 1.84313725490196e+002    2.10674157303371e-006
 1.84803921568627e+002    2.44382022471910e-006
 1.86764705882353e+002    3.28651685393258e-006
 1.88235294117647e+002    2.61235955056180e-006
 1.87745098039216e+002    1.93820224719101e-006
 1.89215686274510e+002    1.51685393258427e-006
 1.90686274509804e+002    8.42696629213483e-007
 1.91666666666667e+002    1.85393258426966e-006
 1.93627450980392e+002    1.85393258426966e-006
 1.94607843137255e+002    2.52808988764045e-006
 1.98039215686275e+002    2.52808988764045e-006
 1.98529411764706e+002    1.85393258426966e-006
 1.99509803921569e+002    1.43258426966292e-006
 2.00980392156863e+002    2.19101123595506e-006
