Generated by GetData Graph Digitizer 2.26.0.20 on June 13 2021, 21:16
from file 'C:\Users\Wei\Documents\work\restricted_boltzmann_machine\deep_belief_nets\DBN_MNIST_training_memristor\00_non_linear_model_plot\data_from_literatures\JTang_IEDM_2018\synpatice_weight_updates.jpg'

Line #2
 1.00000000000000e+000    2.96875000000000e-009
 9.82142857142857e-001    2.91666666666667e-009
 9.61309523809524e-001    2.86458333333333e-009
 9.46428571428571e-001    2.81770833333333e-009
 9.25595238095238e-001    2.76562500000000e-009
 9.07738095238095e-001    2.72916666666667e-009
 8.89880952380952e-001    2.68750000000000e-009
 8.72023809523810e-001    2.64583333333333e-009
 8.54166666666667e-001    2.60937500000000e-009
 8.36309523809524e-001    2.56770833333333e-009
 8.18452380952381e-001    2.53125000000000e-009
 8.00595238095238e-001    2.49479166666667e-009
 7.82738095238095e-001    2.46354166666667e-009
 7.61904761904762e-001    2.42187500000000e-009
 7.44047619047619e-001    2.38541666666667e-009
 7.26190476190476e-001    2.34895833333333e-009
 7.08333333333333e-001    2.31250000000000e-009
 6.90476190476190e-001    2.27604166666667e-009
 6.72619047619048e-001    2.23958333333333e-009
 6.54761904761905e-001    2.20833333333333e-009
 6.33928571428571e-001    2.17187500000000e-009
 6.19047619047619e-001    2.13541666666667e-009
 5.98214285714286e-001    2.09895833333333e-009
 5.80357142857143e-001    2.06250000000000e-009
 5.62500000000000e-001    2.02604166666667e-009
 5.47619047619048e-001    1.99479166666667e-009
 5.26785714285714e-001    1.95312500000000e-009
 5.08928571428571e-001    1.92187500000000e-009
 4.91071428571429e-001    1.89062500000000e-009
 4.73214285714286e-001    1.84895833333333e-009
 4.55357142857143e-001    1.81770833333333e-009
 4.37500000000000e-001    1.78125000000000e-009
 4.19642857142857e-001    1.73958333333333e-009
 4.01785714285714e-001    1.70833333333333e-009
 3.80952380952381e-001    1.67187500000000e-009
 3.63095238095238e-001    1.64062500000000e-009
 3.45238095238095e-001    1.60416666666667e-009
 3.27380952380952e-001    1.56770833333333e-009
 3.09523809523810e-001    1.52083333333333e-009
 2.91666666666667e-001    1.48958333333333e-009
 2.73809523809524e-001    1.44791666666667e-009
 2.52976190476190e-001    1.41666666666667e-009
 2.35119047619048e-001    1.38020833333333e-009
 2.17261904761905e-001    1.34895833333333e-009
 2.02380952380952e-001    1.32291666666667e-009
 1.81547619047619e-001    1.28645833333333e-009
 1.63690476190476e-001    1.25520833333333e-009
 1.45833333333333e-001    1.21875000000000e-009
 1.27976190476190e-001    1.18750000000000e-009
 1.10119047619048e-001    1.16145833333333e-009
 9.22619047619048e-002    1.14062500000000e-009
 7.44047619047619e-002    1.10937500000000e-009
 5.65476190476190e-002    1.07291666666667e-009
 3.57142857142857e-002    1.05208333333333e-009
 2.08333333333333e-002    1.02604166666667e-009
 0.00000000000000e+000    9.94791666666667e-010
