Generated by GetData Graph Digitizer 2.26.0.20 on June 13 2021, 21:16
from file 'C:\Users\Wei\Documents\work\restricted_boltzmann_machine\deep_belief_nets\DBN_MNIST_training_memristor\00_non_linear_model_plot\data_from_literatures\JTang_IEDM_2018\synpatice_weight_updates.jpg'

Line #1
 2.97619047619048e-003    9.84375000000000e-010
 1.48809523809524e-002    1.03645833333333e-009
 3.57142857142857e-002    1.08333333333333e-009
 5.65476190476190e-002    1.13541666666667e-009
 7.44047619047619e-002    1.18750000000000e-009
 9.22619047619048e-002    1.22916666666667e-009
 1.10119047619048e-001    1.27083333333333e-009
 1.27976190476190e-001    1.31250000000000e-009
 1.45833333333333e-001    1.35937500000000e-009
 1.63690476190476e-001    1.39583333333333e-009
 1.81547619047619e-001    1.44270833333333e-009
 2.02380952380952e-001    1.48437500000000e-009
 2.17261904761905e-001    1.52604166666667e-009
 2.35119047619048e-001    1.56770833333333e-009
 2.55952380952381e-001    1.60937500000000e-009
 2.73809523809524e-001    1.64583333333333e-009
 2.91666666666667e-001    1.68229166666667e-009
 3.09523809523810e-001    1.71875000000000e-009
 3.27380952380952e-001    1.76041666666667e-009
 3.45238095238095e-001    1.79166666666667e-009
 3.63095238095238e-001    1.81770833333333e-009
 3.83928571428571e-001    1.85937500000000e-009
 3.98809523809524e-001    1.89583333333333e-009
 4.19642857142857e-001    1.92708333333333e-009
 4.34523809523810e-001    1.95312500000000e-009
 4.55357142857143e-001    1.98437500000000e-009
 4.73214285714286e-001    2.02083333333333e-009
 4.91071428571429e-001    2.05208333333333e-009
 5.08928571428571e-001    2.08333333333333e-009
 5.26785714285714e-001    2.11458333333333e-009
 5.44642857142857e-001    2.15104166666667e-009
 5.65476190476190e-001    2.18750000000000e-009
 5.80357142857143e-001    2.21354166666667e-009
 5.98214285714286e-001    2.25000000000000e-009
 6.19047619047619e-001    2.28125000000000e-009
 6.36904761904762e-001    2.31250000000000e-009
 6.54761904761905e-001    2.34895833333333e-009
 6.72619047619048e-001    2.38020833333333e-009
 6.90476190476190e-001    2.41666666666667e-009
 7.11309523809524e-001    2.44270833333333e-009
 7.26190476190476e-001    2.47916666666667e-009
 7.44047619047619e-001    2.51562500000000e-009
 7.61904761904762e-001    2.54687500000000e-009
 7.79761904761905e-001    2.58333333333333e-009
 8.00595238095238e-001    2.60937500000000e-009
 8.15476190476190e-001    2.65104166666667e-009
 8.36309523809524e-001    2.68229166666667e-009
 8.54166666666667e-001    2.71875000000000e-009
 8.72023809523810e-001    2.75520833333333e-009
 8.89880952380952e-001    2.78645833333333e-009
 9.07738095238095e-001    2.81250000000000e-009
 9.25595238095238e-001    2.84895833333333e-009
 9.46428571428571e-001    2.88541666666667e-009
 9.64285714285714e-001    2.92187500000000e-009
 9.82142857142857e-001    2.96354166666667e-009
 1.00297619047619e+000    3.00000000000000e-009

