Generated by GetData Graph Digitizer 2.26.0.20 on June 13 2021, 11:19
from file 'C:\Users\Wei\Documents\work\restricted_boltzmann_machine\deep_belief_nets\DBN_MNIST_training_memristor\00_non_linear_model_plot\data_from_literatures\MSuri_JAP_2012\Screenshot 2021-06-13 111323.jpg'

Line #1
 1.22248392433640e-004    5.60305131987514e-006
 9.97791379043366e-001    6.48965778600011e-004
 1.98592513508447e+000    8.56085117480705e-004
 3.02968190968289e+000    1.10795755535815e-003
 4.01757116893913e+000    1.30389116633116e-003
 4.94971516124563e+000    1.44947881435359e-003
 5.93467045908346e+000    1.51118369043447e-003
 7.02952706171914e+000    1.60087326101662e-003
 7.96057081849374e+000    1.69612513345450e-003
 9.05603866309158e+000    1.81377902380584e-003
 1.00405049673597e+001    1.85311244407136e-003
 1.10244822780580e+001    1.87007440852153e-003
 1.20085818371488e+001    1.89262923692553e-003
 1.29925591478472e+001    1.90959120137570e-003
 1.40317927319256e+001    1.95452767296110e-003
 1.50705373224342e+001    1.97709268873114e-003
 1.60546368815250e+001    1.99964751713515e-003
 1.70383696954385e+001    2.00542375367764e-003
 1.80772365343396e+001    2.03358163340152e-003
 1.90613360934304e+001    2.05613646180553e-003
 1.99907906211033e+001    2.07868110284350e-003
 2.10296574600044e+001    2.10683898256738e-003
 2.20140015158801e+001    2.14057953887906e-003
 2.31075133861990e+001    2.16874760596898e-003
 2.40372124106568e+001    2.20247797491463e-003
 2.50752235108108e+001    2.19148580696164e-003
 2.61142125981043e+001    2.22523655063936e-003
 2.70441561193470e+001    2.27015264749269e-003
 2.80821672195011e+001    2.25916047953969e-003
 2.90656555366297e+001    2.25375098817451e-003
 3.00496328473281e+001    2.27071295262467e-003
