Generated by GetData Graph Digitizer 2.26.0.20 on June 13 2021, 14:51
from file 'C:\Users\Wei\Documents\work\restricted_boltzmann_machine\deep_belief_nets\DBN_MNIST_training_memristor\00_non_linear_model_plot\data_from_literatures\PengHuang_TED_2017\rram_synaptic_reset.jpg'

Line #1
-2.33236151603499e+000    7.99693068123766e+002
 2.33236151603499e+000    3.83822549770556e+003
 1.16618075801749e+000    4.34663348988797e+003
 8.16326530612245e+000    5.44050770274976e+003
 4.66472303206997e+000    6.80522003016810e+003
 1.39941690962099e+001    6.98079893874861e+003
 1.04956268221574e+001    8.73188227277717e+003
 1.63265306122449e+001    1.01421569874388e+004
 1.28279883381924e+001    1.06575503971436e+004
 1.04956268221574e+001    1.43656105285461e+004
 1.98250728862974e+001    1.40205620672565e+004
 1.74927113702624e+001    1.54862273501071e+004
 2.21574344023324e+001    1.75438844558172e+004
 3.03206997084548e+001    1.75527993040357e+004
 2.56559766763848e+001    1.93848996374470e+004
 2.91545189504373e+001    2.03788528625229e+004
 2.21574344023324e+001    2.74612532337724e+004
 2.91545189504373e+001    3.03495814870171e+004
 3.38192419825073e+001    2.36684965613014e+004
 3.73177842565598e+001    1.93989731010505e+004
 3.96501457725948e+001    2.96227628264813e+004
 4.19825072886297e+001    3.52666553723714e+004
 4.54810495626822e+001    3.19312254297584e+004
 5.13119533527697e+001    2.42914958390403e+004
 5.01457725947522e+001    3.03892539116832e+004
 5.36443148688047e+001    2.68386421014449e+004
 5.24781341107872e+001    3.61791825767431e+004
 5.24781341107872e+001    3.99670407714355e+004
 5.94752186588921e+001    3.11733155600555e+004
 5.71428571428571e+001    4.20193847114477e+004
 5.71428571428571e+001    4.87881728303751e+004
 6.29737609329446e+001    3.99931543372806e+004
 6.29737609329446e+001    4.52938996102532e+004
 6.53061224489796e+001    3.36026106805705e+004
 6.53061224489796e+001    3.90155636188752e+004
 6.99708454810496e+001    4.88271365524972e+004
 7.11370262390671e+001    5.26168938716601e+004
 7.11370262390671e+001    4.10220253566774e+004
 7.46355685131195e+001    3.36221256970723e+004
 7.93002915451895e+001    4.00338093572008e+004
 7.81341107871720e+001    4.53366527276268e+004
 8.04664723032070e+001    5.13530855404946e+004
 7.81341107871720e+001    5.39666087614291e+004
 8.51311953352770e+001    6.42672791958525e+004
 8.74635568513119e+001    5.53589808264201e+004
 8.62973760932945e+001    4.88767717523728e+004
 8.51311953352770e+001    3.90637289528886e+004
 8.97959183673469e+001    4.42541318598231e+004
 9.21282798833819e+001    5.13903679507110e+004
 9.21282798833819e+001    6.11726652596895e+004
 9.56268221574344e+001    5.01378228574329e+004
 9.79591836734694e+001    4.31880547764373e+004
 1.00291545189504e+002    4.65435079625122e+004
 1.00291545189504e+002    5.54031921961178e+004
 1.01457725947522e+002    6.27509580633965e+004
 1.03790087463557e+002    6.59637017374864e+004
 1.04956268221574e+002    5.40567649019889e+004
 1.06122448979592e+002    4.42991183741935e+004
 1.10787172011662e+002    4.21598964091891e+004
 1.10787172011662e+002    5.27468868465672e+004
 1.08454810495627e+002    6.76459661130149e+004
 1.11953352769679e+002    8.25701256340405e+004
 1.07288629737609e+002    8.67597902550146e+004
 1.15451895043732e+002    6.12615203794535e+004
 1.20116618075802e+002    6.44073552393755e+004
 1.16618075801749e+002    7.47662805002900e+004
 1.23615160349854e+002    7.86170073317693e+004
 1.28279883381924e+002    6.60643103443149e+004
 1.31778425655977e+002    8.26720597678016e+004
 1.32944606413994e+002    5.83497400006941e+004
 1.37609329446064e+002    6.61026777830478e+004
 1.38775510204082e+002    8.06746440234484e+004
 1.42274052478134e+002    5.69482340943576e+004
 1.46938775510204e+002    5.98725777756012e+004
 1.46938775510204e+002    7.30658503959255e+004
 1.50437317784257e+002    5.69771720906459e+004
 1.52769679300292e+002    5.98943076189483e+004
 1.53935860058309e+002    7.13005275000731e+004
 1.53935860058309e+002    8.48727782175943e+004
 1.58600583090379e+002    6.45617915433012e+004
 1.59766763848396e+002    6.14307008352199e+004
 1.62099125364432e+002    6.95829057728655e+004
 1.63265306122449e+002    8.28342138648186e+004
 1.65597667638484e+002    8.70751865097866e+004
 1.65597667638484e+002    6.95980571088876e+004
 1.67930029154519e+002    6.45992863808105e+004
 1.72594752186589e+002    6.30293724658057e+004
 1.73760932944606e+002    7.13885491356420e+004
 1.74927113702624e+002    8.49837223800858e+004
 1.76093294460641e+002    5.85066330508004e+004
 1.79591836734694e+002    6.30568241268681e+004
 1.80758017492711e+002    7.14196415323761e+004
 1.80758017492711e+002    8.71573771734570e+004
 1.81924198250729e+002    6.62852276297616e+004
 1.86588921282799e+002    7.14455622072503e+004
 1.86588921282799e+002    8.71890096206120e+004
 1.90087463556851e+002    7.32623126959646e+004
 1.94752186588921e+002    8.94320496282098e+004
 1.98250728862974e+002    8.72523089606385e+004
 2.05247813411079e+002    7.70747251806325e+004
 2.06413994169096e+002    9.17527688484991e+004
 2.02915451895044e+002    9.40449401847508e+004
 2.05247813411079e+002    9.88598831909351e+004
 2.09912536443149e+002    1.06556169253437e+005
 2.12244897959184e+002    1.09257798803238e+005
 2.16909620991254e+002    1.06602578470727e+005
 2.21574344023324e+002    1.14901636819061e+005
 2.20408163265306e+002    9.18327098132280e+004
 2.13411078717201e+002    8.30931161407740e+004
 2.29737609329446e+002    8.52740941130593e+004
 2.25072886297376e+002    7.91149592022139e+004
 2.21574344023324e+002    6.81238506883078e+004
 2.23906705539359e+002    5.58310426880269e+004
 2.26239067055394e+002    6.81436295846301e+004
 2.35568513119534e+002    6.81832046065973e+004
 2.30903790087464e+002    7.71978827899933e+004
 2.32069970845481e+002    9.42157250253448e+004
 2.40233236151603e+002    7.53436622110231e+004
 2.41399416909621e+002    6.65310213206674e+004
 2.42565597667638e+002    5.73047792538812e+004
 2.44897959183673e+002    6.82228026121122e+004
 2.42565597667638e+002    7.72539285582995e+004
 2.39067055393586e+002    9.19394061207496e+004
 2.43731778425656e+002    9.42841257703489e+004
 2.49562682215743e+002    9.66956598404023e+004
 2.48396501457726e+002    1.06811670211034e+005
 2.55393586005831e+002    1.12312847501713e+005
 2.53061224489796e+002    5.45573023368821e+004
 2.51895043731778e+002    6.49377213332836e+004
 2.51895043731778e+002    7.35446523218239e+004
 2.54227405247813e+002    7.92586313197081e+004
 2.57725947521866e+002    8.75758511407947e+004
 2.57725947521866e+002    1.06873702043220e+005
 2.64723032069971e+002    1.09615198478269e+005
 2.63556851311953e+002    8.54537543819119e+004
 2.64723032069971e+002    7.54585772429080e+004
 2.65889212827988e+002    7.00338010923323e+004
 2.67055393586006e+002    7.73717571506853e+004
 2.72886297376093e+002    6.66615161664009e+004
 2.71720116618076e+002    5.46206900199802e+004
 2.71720116618076e+002    4.94440388519557e+004
 2.72886297376093e+002    7.00643034453669e+004
 2.71720116618076e+002    7.93449597954464e+004
 2.74052478134111e+002    8.76648763260210e+004
 2.78717201166181e+002    8.13802960873464e+004
 2.81049562682216e+002    7.55352846197528e+004
 2.82215743440233e+002    9.21866163714049e+004
 2.82215743440233e+002    1.04405151744759e+005
 2.85714285714286e+002    1.27439180660134e+005
 2.85714285714286e+002    9.69134494406971e+004
 2.90379008746356e+002    8.34920761266934e+004
 2.92711370262391e+002    7.55901233395174e+004
 2.92711370262391e+002    7.01507989426722e+004
 2.96209912536443e+002    8.14689354796672e+004
 2.91545189504373e+002    9.69486227062022e+004
 2.92711370262391e+002    1.04473367723526e+005
 2.97376093294461e+002    9.22736317369160e+004
 3.02040816326531e+002    9.46268751023264e+004
 3.09037900874636e+002    9.95004925204640e+004
 3.03206997084548e+002    8.15044182635886e+004
 3.00874635568513e+002    7.19555109043983e+004
 3.10204081632653e+002    6.85006333122545e+004
 3.11370262390671e+002    6.51785183068518e+004
 3.11370262390671e+002    5.90012537428221e+004
 3.12536443148688e+002    5.21001177207908e+004
 3.14868804664723e+002    6.85205216026345e+004
 3.12536443148688e+002    8.36072829380254e+004
 3.14868804664723e+002    8.78878354213135e+004
 3.19533527696793e+002    1.02075074808311e+005
 3.27696793002915e+002    9.96160976808705e+004
 3.26530612244898e+002    8.79516421098253e+004
 3.21865889212828e+002    8.36558386148958e+004
 3.26530612244898e+002    7.96160650475260e+004
 3.30029154518950e+002    7.76755708343490e+004
 3.35860058309038e+002    7.03394231389990e+004
 3.37026239067055e+002    7.57988738151637e+004
 3.40524781341108e+002    4.84353802663865e+004
 3.48688046647230e+002    5.22174638750283e+004
 3.41690962099125e+002    7.96912150126007e+004
 3.42857142857143e+002    8.80410493051627e+004
 3.46355685131195e+002    9.48881976708558e+004
 3.52186588921283e+002    1.02282709016696e+005
 3.56851311953353e+002    1.04891212679757e+005
 3.54518950437318e+002    8.17650979883019e+004
 3.58017492711370e+002    8.59575717366377e+004
 3.61516034985423e+002    1.21823211707227e+005
 3.62682215743440e+002    9.49846562180853e+004
 3.56851311953353e+002    7.58924487308259e+004
 3.61516034985423e+002    6.37747792228312e+004
 3.63848396501458e+002    7.04620450713196e+004
 3.66180758017493e+002    8.18244595610778e+004
 3.66180758017493e+002    9.50053386605232e+004
 3.68513119533528e+002    9.74141079707604e+004
 3.74344023323615e+002    8.60449518607903e+004
 3.72011661807580e+002    1.02408978648264e+005
 3.74344023323615e+002    1.05005460154868e+005
 3.77842565597668e+002    1.16024493413208e+005
 3.79008746355685e+002    1.25029827417223e+005
 3.83673469387755e+002    1.13213042559852e+005
 3.83673469387755e+002    9.27705167208342e+004
 3.89504373177843e+002    8.19433120276666e+004
 3.93002915451895e+002    7.23692404726020e+004
 3.91836734693878e+002    8.61386719946791e+004
 3.91836734693878e+002    9.75556048663705e+004
 3.94169096209913e+002    1.10501790940658e+005
 3.96501457725948e+002    1.07800690540331e+005
 3.98833819241983e+002    9.51985920901402e+004
 3.97667638483965e+002    8.61699347182516e+004
